      1445
      1456
      1458
      1459
      1461
      1465
      1470
      1474
      1476
      1478
      1480
      1482
      1485
      1487
      2648
      1512
      1513
      1517
      1519
      1521
      1523
      1526
      1527
      1529
      1531
      1537
      1542
      1546
      1548
      1550
      1552
      1556
      1568
      1569
      1570
      1572
      1573
      1563
      1566
      1576
      1577
      1578
      1580
      1581
      1584
      1585
      1586
      1587
      1588
      1589
      1590
      1738
      1739
      1740
       723
       724
       725
       727
       728
       730
       744
       745
       746
       747
       748
       749
       750
       751
       753
       754
       755
       758
       782
       783
       784
       785
       787
         1
         3
         4
         5
         6
         7
         8
        10
        12
        13
        15
        16
        18
      2610
        20
        25
       860
       861
       863
       864
       865
       866
       867
 400014301
 400014302
 400014304
 400014305
 400014306
 400014307
 400014308
 400014309
 400014310
 400014311
 400014313
 400014314
 400014315
  40001025
 400004803
 400004805
 400004807
 400004808
  40001026
 400004811
 400004812
 400004813
 400004814
 400004815
 400004816
  40001028
  40001031
  40001162
 400005001
 400005002
 400005003
 400005004
 400005005
 400005006
 400005007
  40001092
 400005008
 400005012
 400005017
 400004301
 400004302
 400004303
 400004305
 400004306
 400004309
 400004310
 400004311
 400001015
 400001013
 400001012
 400001011
 400001010
 400001008
 400001006
 400001005
 400001004
 400001002
 400001001
 400001999
 400001031
 400001028
 400001027
 400001026
 400001024
 400001023
 400001022
  40001021
 400001020
 400001019
 400001017
       893
       892
       894
       895
       896
       897
       898
       899
       900
       901
       902
       903
       904
       905
       907
       908
       910
       911
       912
       914
       915
        27
       917
       918
       920
       921
      2665
       925
       927
       928
       929
       930
       932
       934
       935
       936
       937
       938
       941
       942
       943
       945
       946
       947
      1095
      1096
      1098
      1099
      1100
      1102
      1103
      1250
      1251
      1252
      1253
      1255
      1257
      1258
      2540
      1266
      1268
      1277
      1278
      1284
      1286
       948
       950
       951
       953
       955
       957
       959
       961
       962
       969
       971
       972
       974
      1155
      1158
      2671
      1174
      1178
      1179
      1181
      1185
      1187
      1036
      1039
      1041
      1042
      1043
      1044
      1046
      1048
      1049
      1051
      1054
      1058
      1059
      1063
      1065
      1066
      1067
      1072
      1074
      1076
      1078
      1080
      1082
 400004701
 400004702
 400004704
 400004706
 400004707
 400004708
 400004709
 400004710
 400004711
 400004713
 400004715
 400005601
 400005603
 400005606
 400005607
 400005610
 400005613
 400005615
 400005616
 400005617
 400005619
 400005621
 400005623
 400005624
 400005625
 400005626
 400005627
 400005628
 400005629
 400005630
 400005631
 400005632
       998
       999
      1000
      1001
      1002
      1004
      1006
      1010
      1011
      1012
      1013
      1014
      1015
      1016
      1017
      2620
      2178
       990
       991
       993
       994
       995
      1197
      1198
      1199
      1202
      1205
      1206
      1207
      1208
      1209
      1210
      1211
      1216
      1217
      1218
      1219
      1220
      1221
      1222
      1226
      1227
      1229
      1230
      1223
      1214
      1215
      1231
      1232
      1233
      1235
      1236
      1237
      1238
 400001213
 400001212
 400001211
 400001210
 400001209
 400001208
 400001207
 400001206
 400001199
 400001198
 400001167
      1242
      1243
      1244
      1245
      1119
      1122
      1133
      1134
      1329
      1333
      1335
      1339
      1340
      1342
      1350
      1358
      1359
      1365
      1368
      1374
      1383
      1384
      1385
      1386
      1391
      1392
      2354
      1394
      1446
      2606
      1449
      1451
      1452
      1454
      1455
      1457
      1644
      1645
      1646
      1647
      1648
      1649
      1650
      1651
      1652
      1653
      2613
      1657
      1658
      1659
      1660
      1662
      1663
      1664
      1666
      1667
      1668
      1669
      1670
      1671
      2156
      1296
      1298
      1304
      1309
      1311
      1313
      1319
      1321
      1323
      1327
      1696
      1699
      1702
      1703
      1704
      1705
      1707
      1708
      1710
      1711
      1360
      1367
      1371
      1373
      1375
      1381
      1403
      1407
      1409
      1410
      1413
      1417
      1425
      1427
      1428
      1421
 400001293
 400001295
 400001298
 400001262
 400001300
 400001301
 400001303
 400001304
 400001306
 400001308
 400001309
 400001312
 400001313
 400001315
 400001316
  40001037
 400001318
 400001321
 400001322
 400001323
 400001324
 400001325
 400001327
 400001329
 400001331
 400001332
 400001333
 400001334
 400001335
 400001336
 400001339
 400001340
 400001343
 400001341
      1591
      1727
      1731
      1729
      1732
      1734
      1756
      1757
      1758
      1759
      1760
      1761
      1763
      1767
      1769
      1770
      1773
      1774
      1775
      1777
      1754
      1755
      1751
      1752
  40001099
  40001104
  40001105
  40001106
  40001107
  40001109
  40001110
  40001112
  40001115
  40001116
  40001117
  40001118
  40001122
  40001124
  40001125
  40001126
  40001129
  40001161
  40001132
  40001137
  40001138
  40001141
  40001142
  40001147
  40001148
  40001150
  40001151
  40001152
  40001154
  40001155
  40001156
  40001157
  40001158
  40001159
 400001104
 400001101
 400001100
 400001098
 400000095
 400001092
 400001091
 400001088
 400001086
 400001085
 400001084
 400001082
 400001081
 400001080
 400001075
 400001074
 400001072
 400001071
 400001070
 400001068
 400001061
 400001060
 400001057
 400006401
 400006402
 400006405
 400006406
 400006407
 400006409
 400006410
 400006411
 400006412
 400006414
 400006416
 400000005
 400006417
 400006420
  40001045
 400006422
 400006423
 400006424
 400001059
 400001078
 400001095
 400001096
 400001234
 400001235
 400001237
 400001239
 400001241
 400001242
 400001243
 400001244
 400001249
 400001250
 400001253
 400001254
  40001073
 400001257
 400001258
 400001259
 400001260
 400001261
 400001263
 400001267
 400001272
 400001273
 400001274
 400001275
  40001061
 400001282
 400001284
 400001285
 400001287
 400001288
 400000999
 400001165
 400001161
 400001160
 400001159
 400001158
 400001157
 400001156
 400001154
 400001153
 400001152
 400001151
 400001150
 400001149
 400001147
 400001145
 400001142
 400001140
 400001139
 400001138
 400001136
 400001135
 400001134
 400001133
 400001132
 400001130
 400001129
 400001128
 400001127
 400001126
 400001124
 400001123
 400001122
 400001121
 400001120
 400001119
 400001118
 400001117
 400001116
 400001115
 400001114
 400001113
 400001112
 400001111
 400001109
 400001107
 400001218
 400001220
 400001221
 400001222
 400001223
 400001224
 400001225
 400001226
 400001227
 400001229
 400001232
 400001197
 400001196
 400001195
 400001194
 400001193
 400001191
 400001190
 400001189
 400001188
 400001186
 400001185
 400001183
 400001182
 400001180
 400001179
 400001178
 400001177
 400001176
 400001175
 400001174
 400001173
 400001233
 400001171
 400001170
 400001168
 400001172
 400001047
 400001045
 400001042
 400001040
 400001033
 400001032
 400001054
 400001053
 400001050
 400001049
