       774
       775
       776
       780
       781
       759
       760
       761
       762
       763
       796
       798
       800
       801
       802
       816
       812
       822
       817
       819
       823
       820
       824
       826
       830
       833
       834
       835
       837
       840
       841
       842
       845
       846
       847
       848
       849
       850
       854
       856
       857
       858
      1084
      1085
      1086
      1087
      1089
      1090
      1091
      1092
      1093
      1094
      1123
      1124
      1150
      1152
      1851
      2642
      1996
      2137
      2443
      2444
      2445
      2138
      2447
      2448
      1987
      2449
      2140
      2141
      2142
      1988
      2454
      2455
      2456
      2457
      1840
      1841
      1125
      1128
      1130
      1132
      1135
      1138
      1140
      1142
      1144
      1018
      1019
      1020
      1021
      1022
      1023
      1024
      1026
      1029
      1030
      1031
      1032
      1033
      1034
      1035
       933
       949
       952
       954
       963
       965
       968
       970
       973
       980
       981
       982
       983
       986
       987
      1057
      1062
      1068
      1070
      1075
      1077
      1079
      1137
      1141
      1145
      2465
      1146
      1148
      1149
      1151
      1153
      1156
      1163
      1167
      1171
      1175
      1177
      2460
      2461
      2180
      2010
      1184
      1186
      1188
      1189
      1190
      1192
      1194
      2182
      2183
      2184
      1395
      1396
      1402
      1404
      1406
      1408
      1411
      1414
      1416
      1422
      1426
      1429
      1432
      1433
      1434
      1435
      1437
      1439
      1442
      1444
      1460
      1463
      1464
      1466
      1469
      1471
      1472
      1473
      1475
      1477
      1479
      1481
      1483
      1484
      1488
      1490
      1492
      1495
      1500
      1501
      1503
      1506
      1508
      1510
      1514
      1516
      1518
      1520
      1524
      1525
      1530
      1536
      1539
      1541
      1545
      1553
      1554
      1564
      2372
      2098
      2374
      2100
      2101
      2379
      2102
      1881
      2662
      2380
      2672
      2383
      2384
      2104
      2385
      2386
      2387
      2388
      2389
      1883
      2390
      1565
      1567
      1592
      1599
      1601
      1602
      1603
      1605
      1606
      1607
      1608
      1610
      1611
      2155
      1613
      1614
      1617
      1618
      2666
      1620
      1623
      1624
      1625
      1626
      1627
      1628
      1629
      1630
      1634
      1639
      1641
      1642
      1643
      1673
      1674
      1675
      1676
      1677
      1678
      1680
      1684
      1685
      1686
      1688
      1689
      1690
      1691
      1693
      1694
      1712
      1714
      1717
      1719
      1720
      1721
      1723
      1293
      1295
      1297
      1299
      1301
      1303
      1307
      1310
      1312
      1314
      1316
      1318
      1322
      1324
      1326
      1328
      1332
      1334
      1338
      1343
      1348
      1351
      1355
