      2507
      2508
      2513
      2515
      2517
      2518
      2257
      2261
      2263
      2264
      2266
      2270
      2271
      2276
      2280
      2281
      2282
      2284
      2285
      2286
      2287
      2291
      2292
  40001064
  40001065
  40001066
  40001067
  40001070
  40001071
      2511
      2522
      2523
      2526
      2236
      2237
      2242
      2243
      2244
      2247
      2248
      2249
      2251
      2254
      2356
      2401
      2357
      2358
      2360
      2361
      2649
      2363
      2364
      2365
      2367
      2368
      2370
      2400
      2467
      2470
      2471
      2472
      2477
      2479
      2480
      2481
      2617
      2486
      2488
      2490
      2493
      2494
      2495
      2496
      2498
      2501
