      2396
      2397
      1742
      1744
      1745
      2406
      2407
      1746
      1747
      1748
       732
       734
       735
       736
       739
       740
      2402
       870
       871
       872
       873
       874
       875
       877
       878
       880
      1831
       881
       882
       883
       884
       888
       889
       891
      1261
      1267
      1270
      1274
      1279
      1281
      1283
      1285
      1287
      1288
      1289
      1291
      1737
      2440
      2061
      1918
      1780
      1781
      1782
      1784
      2651
      1787
      1789
      1790
      1791
      1792
      1794
      2532
      1796
      2117
      2663
      2118
      2186
      2119
      2188
      2120
      2121
      2190
      2685
      2123
      2192
      2193
      2194
      2124
      2195
      2196
      2125
      2126
      2541
      2198
      2199
      2201
      2203
      2682
      1929
      2130
      2208
      2209
      2211
      2212
      2213
      2214
      2674
      2217
      1934
      2132
      2218
      2219
      2221
      1936
      2228
      2230
      2231
      2408
      2412
      1949
      2414
      2416
      2417
      1953
      2418
      2133
      2422
      2659
      2423
      2424
      2425
      1955
      2428
      2429
      2430
      2432
      2433
      2435
      1799
      1805
      1808
      2530
      1809
      1810
      1811
      1812
      1813
      1814
      2233
      2234
      2134
      2135
      2436
      2437
      1815
      1816
      1817
      1818
      1819
      1820
      1821
      1822
      1823
      1825
      1827
      1828
