      2550
      2551
      2554
      2555
      2557
      2558
      2561
      2562
      2563
      2564
      2687
      2570
      2571
      2574
      2575
      2578
  40001079
      2586
      2587
      2588
      2591
      2592
      2675
     17001
     17002
     17003
     17004
     17005
     17006
     17007
     17008
     17009
     17010
     17011
     17012
     17013
     17014
     17015
     17016
     17017
     17018
     17019
     17020
     17021
     17022
     17023
     17024
     17025
     17026
     17027
     17028
     17029
     17030
     17031
     17032
     17033
     17035
     17036
     17037
     17038
     17039
     17040
     17041
     17042
     17043
     17044
     17045
     17046
     17047
     17048
     21001
     21002
     21003
     21004
     21005
     21006
     21007
     21008
     21009
     21010
     21011
     21012
     21013
     21014
     21015
     21016
     21017
     21018
     21019
     21020
     21021
     21022
     21023
     21024
     21025
     21026
     21027
     21028
     21029
     21030
     21031
     21032
     30001
     30002
     30003
     30004
     30005
     30006
     30007
     30008
     30009
     30010
     30011
     30012
     30013
     30014
     30015
     30016
     32001
     32002
     32003
     32004
     32005
     32006
     32007
     32008
     32009
     32010
     32011
     32012
     32014
     32013
     32015
     32016
     36001
     36002
     36003
     36004
     36005
     36006
     36007
     36008
     36009
     36010
     36011
     36012
     36013
     36014
     36015
     36016
     38001
     38002
     38003
     38004
     38005
     38006
     38007
     38008
     38009
     38010
     38011
     38012
     38013
     38014
     38015
     38016
     42001
     42002
     42003
     42004
     42005
     42006
     42007
     42008
     42009
     42010
     42011
     42012
     42013
     42014
     42015
     42016
     42017
     42018
     42019
     42020
     42101
     42102
     42103
     42104
     42105
     42106
     42107
     42108
     42109
     42110
     42111
     42112
     42113
     42114
     42115
     42116
     44001
     44002
     44003
     44004
     44005
     44006
     44007
     44008
     44009
     44010
     44011
     44012
     44013
     44014
     44015
     44016
     11001
     11002
     11003
     11004
     11005
     11006
     11007
     11008
     11009
     11010
     11011
     11012
     11013
     11014
     11015
     11016
     11017
     11018
     11019
     11020
     11021
     11022
     11023
     11024
     11025
     11026
     11027
     11028
     11029
     11030
     11031
     11032
     11033
     11034
      4705
      4707
      4709
      4710
      4712
      4715
      4721
      4723
      4726
      4732
      4733
      4734
      4737
      4738
      4743
      4745
      4747
      4750
      4751
      4752
      4755
      4756
      4757
      4758
      4763
      2627
      2629
      2630
      2632
      2633
      2636
      2637
      2638
     40001
     40002
     40003
     40004
     40005
     40006
     40007
     40008
     40009
     40010
     40011
     40012
     40013
     40014
     40020
     40015
     40016
     40017
     40018
     40019
