      2396
      2398
      1744
      1745
      2406
      2407
      1746
      1747
      1748
       732
       734
       736
       739
       740
       741
      2402
      2403
       869
       870
       871
       873
       875
       877
       878
       880
      1831
       881
       882
       883
       884
       888
       889
       891
      1261
      1267
      1270
      1272
      1274
      1279
      1281
      1285
      1287
      1288
      1291
      1737
      2440
      2061
      1918
      1778
      1780
      1781
      1782
      1784
      2651
      1787
      1789
      1790
      1791
      1794
      1796
      2117
      2663
      2118
      2120
      2121
      2190
      2191
      2680
      2123
      2192
      2194
      2124
      2195
      2196
      2125
      2197
      2126
      2541
      2198
      2199
      2200
      2201
      2202
      1928
      2203
      2682
      1929
      2206
      2208
      2209
      2210
      2212
      2213
      2214
      2674
      2217
      1934
      2218
      2219
      2220
      2221
      1936
      2226
      2227
      2228
      2229
      2230
      2231
      2408
      2409
      2412
      2414
      1950
      2415
      2416
      2417
      1953
      2418
      2419
      2420
      2421
      1954
      2424
      2425
      2428
      2431
      2432
      2433
      2435
      1802
      1804
      1805
      1807
      1808
      2530
      1809
      1810
      1812
      1813
      1814
      2233
      2234
      2134
      2135
      2436
      2437
      1815
      1816
      1817
      1818
      1819
      1820
      1821
      1822
      1823
      1825
      1827
      1828
 774
       775
       776
       779
       780
       781
       759
       760
       761
       762
       868
       796
       798
       800
       801
       815
      2091
       816
       812
       813
       817
       819
       823
       820
       826
       830
       833
       834
       837
       841
       842
       843
       845
       846
       847
       849
       850
       851
       852
       854
       856
       858
      1083
      1084
      1085
      1087
      1089
      1092
      1093
      1123
      1124
      1150
      1152
      2083
      2642
      1996
      2441
      2137
      2442
      2443
      2444
      2445
      2138
      2447
      2448
      1987
      2449
      2139
      2140
      2141
      2142
      1988
      2452
      2454
      2455
      2456
      2457
      1038
      1840
      1125
      1128
      1130
      1132
      1135
      1142
      1144
      1018
      1019
      1020
      1021
      1023
      1025
      1027
      1028
      1029
      1031
      1032
      1033
      1034
      1035
       933
       949
       952
       954
       963
       965
       968
       970
       973
       975
       980
       982
       987
      1057
      1062
      1068
      1070
      1073
      1075
      1077
      1079
      1137
      1139
      1141
      1143
      1145
      2465
      1146
      1148
      1149
      1151
      1153
      1154
      1156
      1162
      1163
      1171
      1173
      1175
      1177
      2460
      2461
      2180
      1182
      1184
      1186
      1188
      1189
      1190
      1192
      1194
      2182
      2183
      2184
      1395
      1396
      1400
      1402
      1404
      1406
      1408
      1411
      1414
      1416
      1422
      1426
      1429
      1433
      1434
      1435
      1437
      1439
      1442
      1444
      1460
      1462
      1463
      1464
      1466
      1469
      1471
      1472
      1473
      1475
      1477
      1481
      1483
      1484
      1488
      1490
      1492
      1495
      1497
      1500
      1501
      1503
      1506
      1508
      1510
      1514
      1516
      1520
      1524
      1525
      1530
      1532
      1536
      1539
      1541
      1545
      2394
      1553
      1554
      1564
      2372
      2099
      2098
      2374
      2100
      2101
      2377
      2378
      2379
      2102
      1881
      2380
      2381
      1882
      2383
      2384
      2104
      2386
      2388
      2389
      2390
      2391
      1565
      1567
      1592
      1599
      1601
      1602
      1603
      1605
      1606
      1608
      1610
      1611
      2155
      1613
      1614
      1617
      1618
      2666
      1620
      1623
      1624
      1625
      1626
      1628
      1629
      1641
      1642
      1673
      1674
      1676
      1677
      1678
      1680
      1684
      1685
      1686
      1688
      1689
      1690
      1691
      1693
      1694
      1695
      1712
      1714
      1715
      1717
      1718
      1719
      1720
      1721
      1723
      1293
      1295
      1297
      1299
      1301
      1303
      1307
      1310
      1312
      1316
      1318
      1320
      1322
      1324
      1326
      1328
      1332
      1338
      1343
      1348
      1351
      1355
	        2507
      2512
      2513
      2515
      2517
      2518
      2257
      2258
      2259
      2260
      2263
      2266
      2270
      2271
      2275
      2276
      2280
      2281
      2282
      2284
      2285
      2286
      2287
      2291
      2292
  40001064
  40001065
  40001066
  40001071
      2511
      2521
      2522
      2523
      2527
      2526
      2235
      2237
      2239
      2241
      2242
      2244
      2245
      2246
      2248
      2250
      2251
      2252
      2253
      2254
      2401
      2357
      2358
      2360
      2361
      2649
      2363
      2364
      2365
      2367
      2368
      2370
      2400
      2470
      2471
      2472
      2475
      2477
      2480
      2617
      2487
      2488
      2489
      2491
      2493
      2494
      2495
      2496
      2500
      2501
      2503
      2504
